1 0.417016640625 0.8433585328125 0.3611431359375 0.7988588578125 0.241828375 0.8298715078125
1 0.43695557141874436 0.8859662186400896 0.35304981951983516 0.8813069156246719 0.36266519808983694 0.9456496169225532 0.4325866876421853 0.9759349532195476 0.56341816875 0.9663667609375001 0.5633462640625 0.9307051921875 0.5186330781249999 0.8879731390625001
1 0.23777251002052902 0.7447875057681801 0.17183126918938735 0.7336595218098483 0.19513843237350342 0.6404737281079368 0.2114534643843391 0.6078587403032338 0.2615639007940973 0.5997049822434564 0.2638945815486003 0.5635955393943934 0.3151703583356101 0.5694196459464621 0.35479255353056177 0.5402991131861189 0.32682393992766823 0.5135081874990778 0.31167424829408413 0.4273114149719027 0.3221624895088907 0.3981908822115595 0.39091863868398746 0.4156632018677655 0.36761147549987133 0.46109125074766355 0.4002415395215427 0.5204971420222042 0.44569043660275154 0.5531121298269073 0.3734382662959003 0.5962105271990966 0.34313897193850373 0.6334848180192172 0.2662253512128749 0.7068685516884006 0.22660315601792327 0.7534614041049498
1 0.4737967192426984 0.41843304363382244 0.43636762467496826 0.43080589223346594 0.46200546861358716 0.45992642499380915 0.4759898198699199 0.5216619455588554 0.5354230682074617 0.5356398101707014 0.5785412845341679 0.510013732454718 0.5913602065034775 0.4867173062464435 0.5563994617273031 0.4273114149719028
1 0.5703838129836358 0.606693892332176 0.5459113094222685 0.6206717569440221 0.5832027349529454 0.6369792730635769 0.6239902705251488 0.641638531644588 0.6484627740865163 0.6264958634960908 0.6135020293103421 0.6101883918109425
1 0.42134689497110517 0.6690266484869899 0.3792650570919296 0.6777480189280574 0.3909186386839874 0.731329781433326 0.4503518870215292 0.730164977896675 0.4783205006244229 0.701044445136332
1 0.6253184338050787 0.7287611705740822 0.582037394575694 0.7371538879853948 0.6076752385143129 0.7581206626859605 0.6438013236677387 0.7604503141936693 0.662447036433077 0.7418131910008123
1 0.5750452634024136 0.7802523742263974 0.46666691903236474 0.7581206626859605 0.4223832734186356 0.7662744207457379 0.41422580186810365 0.8012190600581498 0.481816610665949 0.8373285473416192 0.5668877029421099 0.8245154862664243 0.6321477420756807 0.808208014581276
1 0.6646558020087736 0.8394885773696679 0.6248707839111434 0.8478046090740377 0.650508716759534 0.8769251418343806 0.6982884724147895 0.8652769287302435
1 0.861342643027248 0.8249191817386696 0.8358005929454398 0.8314971373888893 0.9243678841728984 0.9840887557137317 0.9418482565609855 0.9479792239958554
1 0.14259540138264187 0.5504626269345821 0.09951827254469547 0.585588459342356 0.10204731948943783 0.6197140933137667 0.1387176801653523 0.6121306405265273 0.1766525160769997 0.5704215537678776 0.18044594178419854 0.545143313524524
