1 0.0511471015625 0.6324607062500001 0.143557971875 0.660813765625 0.1697769234375 0.6514135609375 0.16352605781250001 0.6286052796875 0.081107115625 0.6080559296875
1 0.2022204671875 0.585128465625 0.20596152656250002 0.5701238921875 0.174738728125 0.5517142921875 0.1135506578125 0.5417708343750001 0.08983100000000001 0.5571066234375001 0.118559759375 0.5855192734375
1 0.5268293265625 0.44825244687500004 0.5305703859374999 0.4332478734375 0.4956012703125 0.41390421093749996 0.406941971875 0.4024238484375 0.3894679265625 0.4246292859375 0.4918707203125 0.460786053125
1 0.44568893593750003 0.518333378125 0.443184384375 0.4964591578125 0.395729303125 0.4793148359375 0.289585446875 0.45816264218749997 0.27835175625 0.4712990921875 0.3133261265625 0.506581390625
1 0.8902955078125 0.7619972828125 0.891537271875 0.7410571234375001 0.835337284375 0.7111075687499999 0.7416793953124999 0.687756034375 0.7129664015625 0.7071592875 0.7978951484375 0.76552149375
1 0.8906428140625 1 0.9128206984375 0.9110493609375 0.9028287718750001 0.9032456515625 0.82166210625 0.8936334125000001 0.7230424125 0.9699811484374999 0.7061087515625 1
1 0.22743893731877476 0.5956916720795631 0.18837209626125864 0.6158645946144232 0.3867758413230638 0.77603995088228 0.49055619195383304 0.7394285339860832 0.4172994944094951 0.6067116821979461 0.3883020006896858 0.5319632175217363 0.32114994061183716 0.5258612759107515 0.2723121422489452 0.4892497426296988 0.17921490718453245 0.4541637238476063 0.17768874781790983 0.5075555092702251 0.24636696726238078 0.5334886738282685 0.32114994061183716 0.6067116821979461
1 0.5136456977081919 0.5823353565947236 0.4462968716908081 0.5670492363038289 0.4707158873107504 0.6250175652233283 0.557708252031682 0.6326449631408453 0.5790748324798835 0.6143390801154629
1 0.5995077258250171 0.6910939255427021 0.5302369176784948 0.6784093506459472 0.5027656997638046 0.6967150009016178 0.5806009918465055 0.7638360676603104 0.6553839651959619 0.7653615821592707 0.6706457917391777 0.7394285339860833
1 0.6815536638033166 0.838013395875936 0.6294387902093975 0.8248553091928741 0.6126508042995592 0.8645177550869916 0.667593473005933 0.8980782593701239 0.7377977353785303 0.8950273467570595 0.7377977353785304 0.8584158134760068
1 0.5518065990934475 0.9544041451009658 0.49513478649219617 0.945368219566614 0.4539277849624163 0.977403267543214 0.4905561919538332 0.9972344322978449 0.5729700785748978 0.9896070343803279
1 0.04617465573881061 0.46212851723116843 0.011334815209158711 0.44348535512459675 0 0.45874015095963083 0.0113348152091588 0.490775257128659 0.037279990195723256 0.490775257128659
1 0.06525510643143848 0.527002049586103 0.04643706283395353 0.5045045384647329 0.014387250380899597 0.5014536258516683 0 0.5029790821582005 0.012861091014277326 0.5441670425512779
1 0.05953097122365012 0.5556227256250447 0.01896572848076685 0.5456924988578101 0.003703901937550924 0.5456924988578101 0.017439569114144415 0.5838294884453952 0.04491090346733122 0.5792531777182263 0.061698889377169275 0.553319896775327
1 0.7826800524742441 0.6052318974258769 0.7057480393639726 0.5914568863629122 0.6416482980193685 0.5090810237691853 0.5958628183897213 0.4709440341816003 0.5607605707649267 0.42517964667649844 0.40356382723290185 0.374838773866944 0.4905561919538332 0.3031413090924405 0.6202817175711675 0.31229413422027574 0.9178873351638746 0.39772096761949494 0.9545158585937876 0.406873880035972 0.9468849453221797 0.4846733155176741 0.8659972180677379 0.5228103051052592
1 0.9357142448425293 0.6656250017029899 0.8903367768700164 0.6655212203093079 0.9456845665208611 0.7458280110083088 0.9653242717592156 0.6922901505423082
1 0.8977678162711008 0.7839285731315613 0.8921220312524125 0.8564728681765154 0.9206888257021753 0.874318821665182 0.9438993121384648 0.7797352817906298
1 0.16339281627110064 0.3955357159887042 0.10475279004953308 0.3871243050399589 0.1243924952878878 0.43530839307474134 0.18866751036671187 0.4388775973878568 0.21187786058643016 0.4138932352729592
1 0.27499995912824354 0.382142858845847 0.22616125781131163 0.38890894123497155 0.2511571348465685 0.43352382495663877 0.32793002033473534 0.4388775973878568 0.35292589736999236 0.4192470757810872
1 0.22812495912824354 0.7991071173122952 0.18331120235323847 0.8457653233140789 0.24758621743206244 0.8618267086846432 0.2797237930797601 0.8421961870778734
1 0.3190029311233271 0.8243502335892069 0.2957925809036088 0.845765323314079 0.3261446297357679 0.8725342535470795 0.38149255560318374 0.8796726621733102 0.3957759528280652 0.8439807551959762 0.3725654663917758 0.8225656654711042
