1 0.31041015625 0.4265763890625 0.06451171875 0.4265763890625 0.06451171875 0.5541736109375 0.31041015625 0.5541736109375 0.31041015625 0.4265763890625
1 0.3559375 0.32538194374999996 0.19978125 0.32538194374999996 0.19978125 0.435090278125 0.3559375 0.435090278125 0.3559375 0.32538194374999996
1 0.23370312499999998 0.21744444375 0.167578125 0.21744444375 0.167578125 0.33188888906249997 0.23370312499999998 0.33188888906249997 0.23370312499999998 0.21744444375
1 1 0.34956944375 0.71249609375 0.34956944375 0.71249609375 0.5764027781250001 1 0.5764027781250001 1 0.34956944375
1 1 0.6694375 0.79375 0.6694375 0.79375 0.8320347218749999 1 0.8320347218749999 1 0.6694375
1 0.68802734375 0.5476180562499999 0.5685351562500001 0.5476180562499999 0.5685351562500001 0.6462708328125 0.68802734375 0.6462708328125 0.68802734375 0.5476180562499999
1 0.71480859375 0.226590278125 0.59844140625 0.226590278125 0.59844140625 0.2874375 0.71480859375 0.2874375 0.71480859375 0.226590278125
1 0.6183984375 0.33770138906249997 0.5236640625 0.33770138906249997 0.5236640625 0.4160486109375 0.6183984375 0.4160486109375 0.6183984375 0.33770138906249997
1 0.49162890625 0.284125 0.36071484374999996 0.284125 0.36071484374999996 0.34301388906249997 0.49162890625 0.34301388906249997 0.49162890625 0.284125
1 0.348796875 0.272215278125 0.182140625 0.272215278125 0.182140625 0.33347916718750004 0.348796875 0.33347916718750004 0.348796875 0.272215278125
1 0.5791171875 0.15912500000000002 0.47678906249999997 0.15912500000000002 0.47678906249999997 0.20645833281249998 0.5791171875 0.20645833281249998 0.5791171875 0.15912500000000002
