1 0.194421875 0.48452083333333335 0.44075 0.48452083333333335 0.44075 0.6192847222222222 0.194421875 0.6192847222222222
1 0.36405859375 0.6452361111111111 0.63892578125 0.6452361111111111 0.63892578125 0.7335972222222221 0.36405859375 0.7335972222222221
1 0.5370546875 0.8 0.7594453125 0.8 0.7594453125 1 0.5370546875 1
1 0.5883984375000001 0.20435416666666664 0.7121328124999999 0.20435416666666664 0.7121328124999999 0.4033402777777778 0.5883984375000001 0.4033402777777778
1 0.7279023437500001 0.2801666666666667 0.8058632812500001 0.2801666666666667 0.8058632812500001 0.39858333333333335 0.7279023437500001 0.39858333333333335
1 0.814953125 0.41904861111111114 1 0.41904861111111114 1 0.6113402777777778 0.814953125 0.6113402777777778
1 0.506921875 0.15515972222222224 0.641609375 0.15515972222222224 0.641609375 0.2540902777777778 0.506921875 0.2540902777777778
1 0.28258984375 0.2603125 0.37111328125 0.2603125 0.37111328125 0.3302986111111111 0.28258984375 0.3302986111111111
1 0.346203125 0.32895833333333335 0.463953125 0.32895833333333335 0.463953125 0.3652361111111111 0.346203125 0.3652361111111111
1 0.3285703125 0.3737986111111111 0.5344765625 0.3737986111111111 0.5344765625 0.42239583333333336 0.3285703125 0.42239583333333336
1 0.06160937500000001 0.3178541666666667 0.221140625 0.3178541666666667 0.221140625 0.40175694444444443 0.06160937500000001 0.40175694444444443
