1 0.44075 0.48452083281249997 0.19442187500000002 0.48452083281249997 0.19442187500000002 0.6192847218749999 0.44075 0.6192847218749999 0.44075 0.48452083281249997
1 0.63892578125 0.6452361109375 0.36405859375 0.6452361109375 0.36405859375 0.733597221875 0.63892578125 0.733597221875 0.63892578125 0.6452361109375
1 0.7594453125 1 0.7594453125 0.8 0.5370546875 0.8 0.5370546875 1 0.7594453125 1
1 0.7121328124999999 0.2043541671875 0.5883984375 0.2043541671875 0.5883984375 0.40334027812500006 0.7121328124999999 0.40334027812500006 0.7121328124999999 0.2043541671875
1 0.8058632812500001 0.2801666671875 0.7279023437500001 0.2801666671875 0.7279023437500001 0.3985833328125 0.8058632812500001 0.3985833328125 0.8058632812500001 0.2801666671875
1 1 0.41904861093749995 0.8149531250000001 0.41904861093749995 0.8149531250000001 0.6113402781249999 1 0.6113402781249999 1 0.41904861093749995
1 0.641609375 0.155159721875 0.506921875 0.155159721875 0.506921875 0.25409027812499996 0.641609375 0.25409027812499996 0.641609375 0.155159721875
1 0.37111328125 0.2603125 0.28258984374999996 0.2603125 0.28258984374999996 0.3302986109375 0.37111328125 0.3302986109375 0.37111328125 0.2603125
1 0.463953125 0.3289583328125 0.346203125 0.3289583328125 0.346203125 0.3652361109375 0.463953125 0.3652361109375 0.463953125 0.3289583328125
1 0.5344765625 0.3737986109375 0.3285703125 0.3737986109375 0.3285703125 0.4223958328125 0.5344765625 0.4223958328125 0.5344765625 0.3737986109375
1 0.221140625 0.31785416718750004 0.061609375 0.31785416718750004 0.061609375 0.40175694375 0.221140625 0.40175694375 0.221140625 0.31785416718750004
