1 0.04040624999999998 0.6432638888888889 0.367546875 0.6432638888888889 0.367546875 0.7605972222222223 0.04040624999999998 0.7605972222222223
1 0.09174218749999999 0.8873055555555556 0.41307031250000004 0.8873055555555556 0.41307031250000004 0.9828888888888888 0.09174218749999999 0.9828888888888888
1 0.48460156249999997 0.47659027777777774 0.5648359375 0.47659027777777774 0.5648359375 0.5652986111111111 0.48460156249999997 0.5652986111111111
1 0.3908515625 0.4230069444444444 0.5318046875 0.4230069444444444 0.5318046875 0.47796527777777786 0.3908515625 0.47796527777777786
1 0.28705468749999996 0.3575347222222222 0.4505703125 0.3575347222222222 0.4505703125 0.41604861111111113 0.28705468749999996 0.41604861111111113
1 0.37857421875 0.29404861111111114 0.50323828125 0.29404861111111114 0.50323828125 0.33347916666666666 0.37857421875 0.33347916666666666
1 0.3082578125 0.24444444444444444 0.3871796875 0.24444444444444444 0.3871796875 0.2779166666666667 0.3082578125 0.2779166666666667
1 0.49017968750000007 0.15714583333333332 0.5460859375 0.15714583333333332 0.5460859375 0.18899305555555554 0.49017968750000007 0.18899305555555554
1 0.48091796875000004 0.17629166666666665 0.5995507812499999 0.17629166666666665 0.5995507812499999 0.2245972222222222 0.48091796875000004 0.2245972222222222
1 0.56037109375 0.236625 0.72901953125 0.236625 0.72901953125 0.33570833333333333 0.56037109375 0.33570833333333333
1 0.78482421875 0.3575416666666667 1.00000390625 0.3575416666666667 1.00000390625 0.6700972222222222 0.78482421875 0.6700972222222222
1 0 0.26679166666666665 0.1375 0.26679166666666665 0.1375 0.33570833333333333 0 0.33570833333333333
