1 0.367546875 0.6432638890625 0.04040625 0.6432638890625 0.04040625 0.760597221875 0.367546875 0.760597221875 0.367546875 0.6432638890625
1 0.41307031250000004 0.88730555625 0.0917421875 0.88730555625 0.0917421875 0.9828888890625 0.41307031250000004 0.9828888890625 0.41307031250000004 0.88730555625
1 0.5648359375 0.47659027812500004 0.48460156249999997 0.47659027812500004 0.48460156249999997 0.5652986109375 0.5648359375 0.5652986109375 0.5648359375 0.47659027812500004
1 0.5318046875 0.42300694375000003 0.3908515625 0.42300694375000003 0.3908515625 0.477965278125 0.5318046875 0.477965278125 0.5318046875 0.42300694375000003
1 0.4505703125 0.357534721875 0.2870546875 0.357534721875 0.2870546875 0.4160486109375 0.4505703125 0.4160486109375 0.4505703125 0.357534721875
1 0.50323828125 0.2940486109375 0.37857421874999997 0.2940486109375 0.37857421874999997 0.33347916718750004 0.50323828125 0.33347916718750004 0.50323828125 0.2940486109375
1 0.3871796875 0.24444444375000002 0.3082578125 0.24444444375000002 0.3082578125 0.2779166671875 0.3871796875 0.2779166671875 0.3871796875 0.24444444375000002
1 0.5460859375 0.1571458328125 0.49017968749999996 0.1571458328125 0.49017968749999996 0.18899305625 0.5460859375 0.18899305625 0.5460859375 0.1571458328125
1 0.5995507812499999 0.1762916671875 0.48091796875000004 0.1762916671875 0.48091796875000004 0.224597221875 0.5995507812499999 0.224597221875 0.5995507812499999 0.1762916671875
1 0.72901953125 0.236625 0.5603710937499999 0.236625 0.5603710937499999 0.3357083328125 0.72901953125 0.3357083328125 0.72901953125 0.236625
1 1 0.35754166718749997 0.7848242187500001 0.35754166718749997 0.7848242187500001 0.670097221875 1 0.670097221875 1 0.35754166718749997
1 0 0.3357083328125 0.1375 0.3357083328125 0.1375 0.2667916671875 0 0.2667916671875 0 0.3357083328125
