1 0.23865912822065444 0.6619521521500124 0.12260696847234931 0.6976440591273461 0.09582570083812514 0.7208436488934111 0.11546540607647963 0.7529663515576295 0.21366338740196883 0.7297666256377445
1 0.21651938744508453 0.527642645373074 0.18776937695827162 0.5266517380444177 0.14712284692199057 0.5444883345650713 0.1072983866049954 0.5706963731849836 0.1560452744022052 0.5672796189317724 0.213545219739604 0.5593521712990646 0.22795760538408483 0.5417202020897735
1 0.6693717542560083 0.2598088434113599 0.6505356109087213 0.26079975074001605 0.6366562120406305 0.26674530811402825 0.6584666743658513 0.28656375709268594 0.6891993372626066 0.3014275938266792 0.7120010879746852 0.31034587318666024 0.7149752556801655 0.32223695013399317 0.754630421693362 0.3291734904380448 0.7744580046999602 0.32322789526334095
1 0.3640973055876692 0.2284738605260225 0.33040672392760106 0.23395584933775582 0.319437693170155 0.24100409506046822 0.3163036758428264 0.2464860838722016 0.32492223843708246 0.24805237065761615 0.3619434779974764 0.2429607185059092 0.3799639730209011 0.2390450164795904 0.3774168045083053 0.23395584933775582
1 0.5888990034759665 0.429234117817655 0.5648702780163897 0.41603476599385836 0.5413652377260376 0.4144684792084439 0.5194272957639626 0.42386617004649585 0.5014067409641292 0.4371795629108667 0.5249117812544813 0.4403121364816959 0.5515507790957536 0.4403121364816959 0.5734888406106456 0.44266152184816454 0.5962103317368593 0.44187839339267504
1 0.5369240182459116 0.20092226650820155 0.523735575192588 0.19949386899137317 0.5133291538170592 0.19949386899137317 0.5069948118719282 0.20039836058250318 0.5069948118719282 0.204920801286411 0.5192110156437344 0.20899098756888276 0.5305223627367883 0.20763425880805886 0.5431910466270506 0.20763425880805886 0.5481679827362006 0.20582529287754103
1 0.578217164145671 0.19356869258084713 0.5703381968038526 0.19858937740024316 0.5748627218333195 0.2053730384561049 0.5857215542885312 0.20718202163836494 0.5983902381787936 0.20808651322949498 0.5970328668621987 0.20130285217363317 0.5875313366848088 0.19723264863941925
1 0.5199542322597092 0.1624574182728092 0.5060899206737893 0.1624098517689804 0.5047325493571947 0.16557556371206433 0.5142340450151981 0.16919351282484216 0.527807620103599 0.16964577587214938 0.5345944076477996 0.16602780950762935 0.532332145133066 0.1619576145992865
1 0.439630578591684 0.1828211614562522 0.4246484701433834 0.18366532652769568 0.4128846774512601 0.18773553868778076 0.42012394511391643 0.19632815704828926 0.4300778863709892 0.19768489443498422 0.45043824900359064 0.19406693669633532 0.44953335780545184 0.1854743183358268
1 0.4582973431765067 0.20092226650820155 0.44817598648885715 0.20130285217363317 0.44772354088978783 0.20718202163836494 0.45993974466159404 0.21079997075114276 0.4707986116361921 0.20899098756888276 0.4707986116361921 0.20356407252558711
1 0.5004133173876963 0.23341798326980792 0.48837943236486536 0.2306271040998426 0.48453125975609 0.23231519187220068 0.4856265472949885 0.238883987138292 0.49092068610877104 0.24071664777015336 0.5018737286279222 0.2425413138952396 0.5069851540411981 0.24108158934782922 0.5077153457337972 0.23597251862914836
1 0.4283173879342156 0.2393871147435939 0.42510091574245285 0.25059744549518337 0.4373171195142591 0.25285866584713734 0.44274657026125147 0.24652725921271162 0.4422940901427955 0.23748237780489595
1 0.4368646739151897 0.2578333609724813 0.42510091574245285 0.26552149636773087 0.43098277756912806 0.27682761537924266 0.4572250365477911 0.2759231237881126 0.4848246323236626 0.2745663777755465 0.4884442661549908 0.26280803884608306 0.48075255289326496 0.2600945813244352 0.4585824078643859 0.261903547254953 0.4468186151722625 0.26280803884608306
1 0.3740140727783676 0.28973081316932797 0.3572330403004479 0.2949173609431318 0.3576854858995172 0.3057712600366919 0.3744262147007905 0.3093891746459854 0.3893571611057862 0.3066757171243375 0.39523905745184795 0.2985353273076518
1 0.26423049223062034 0.3053452154083785 0.17206797815223945 0.31512170555848795 0.21445479265610617 0.23184813095686824 0.3584237024860434 0.1295823170541887 0.40665693763297817 0.13761747700045288 0.3935024493689766 0.17560192773734995 0.32334495560311016 0.21577778319911695 0.292651093897642 0.2639887986071482
