1 0.06451171874999999 0.4265763888888889 0.31041015625 0.4265763888888889 0.31041015625 0.5541736111111111 0.06451171874999999 0.5541736111111111
1 0.19978125000000002 0.3253819444444444 0.3559375 0.3253819444444444 0.3559375 0.43509027777777776 0.19978125000000002 0.43509027777777776
1 0.167578125 0.21744444444444444 0.23370312499999998 0.21744444444444444 0.23370312499999998 0.33188888888888884 0.167578125 0.33188888888888884
1 0.71249609375 0.3495694444444445 1.0000039062500001 0.3495694444444445 1.0000039062500001 0.5764027777777778 0.71249609375 0.5764027777777778
1 0.79375 0.6694375 1 0.6694375 1 0.8320347222222222 0.79375 0.8320347222222222
1 0.5685351562500001 0.5476180555555555 0.6880273437500001 0.5476180555555555 0.6880273437500001 0.6462708333333333 0.5685351562500001 0.6462708333333333
1 0.59844140625 0.2265902777777778 0.71480859375 0.2265902777777778 0.71480859375 0.2874375 0.59844140625 0.2874375
1 0.5236640625 0.33770138888888895 0.6183984375 0.33770138888888895 0.6183984375 0.41604861111111113 0.5236640625 0.41604861111111113
1 0.36071484375 0.284125 0.49162890625 0.284125 0.49162890625 0.3430138888888889 0.36071484375 0.3430138888888889
1 0.182140625 0.27221527777777776 0.348796875 0.27221527777777776 0.348796875 0.3334791666666667 0.182140625 0.3334791666666667
1 0.47678906249999997 0.15912500000000002 0.5791171875 0.15912500000000002 0.5791171875 0.20645833333333335 0.47678906249999997 0.20645833333333335
